# X,Y,Symbol[,Track Circuit[,Berth Number,Berth Digit]
0,0,-
1,0,-
2,0,-
3,0,-
4,0,-
5,0,-
6,0,|
7,0,-,8
8,0,-,8
9,0,-,8
10,0,-,8
11,0,-,8
12,0,-,8
13,0,|
14,0,-,7
15,0,-,7
16,0,-,7
17,0,-,7
18,0,-,7
19,0,-,7
20,0,|
21,0,-,6
22,0,-,6
23,0,-,6
24,0,-,6
25,0,-,6
26,0,-,6
27,0,|
28,0,-,5
29,0,-,5
30,0,-,5
31,0,-,5
32,0,-,5
33,0,-,5
34,0,|
35,0,-,4
36,0,-,4
37,0,-,4
38,0,-,4
39,0,-,4
40,0,-,4
41,0,|
42,0,-,3
43,0,-,3
44,0,-,3
45,0,-,3
46,0,-,3
47,0,-,3
48,0,|
49,0,-,2
50,0,-,2
51,0,-,2
52,0,-,2
53,0,-,2
54,0,-,2
55,0,|
56,0,-,1
57,0,-,1
58,0,-,1
59,0,-,1
60,0,-,1
61,0,-,1
62,0,|
63,0,-,0,0,0
64,0,-,0,0,1
65,0,-,0,0,2
66,0,-,0,0,3
67,0,-,0
68,0,-,0
15,1,\,7
32,1,/,5
16,2,\,7
31,2,/,5
17,3,\,7
30,3,/,5
18,4,\,7
29,4,/,5
0,5,-
1,5,-
2,5,-
3,5,-
4,5,-
5,5,-
6,5,|
7,5,-
8,5,-
9,5,-
10,5,-
11,5,-
12,5,-
13,5,|
14,5,-,7
15,5,-,7
16,5,-,7
17,5,-,7
18,5,-,7
19,5,-,7
20,5,|
21,5,-,9
22,5,-,9
23,5,-,9
24,5,-,9
25,5,-,9
26,5,-,9
27,5,|
