# X,Y,Symbol
0,0,G
1,0,l
2,0,o
3,0,u
4,0,c
5,0,e
6,0,s
7,0,t
8,0,e
9,0,r
10,0,s
11,0,h
12,0,i
13,0,r
14,0,e
16,0,W
17,0,a
18,0,r
19,0,w
20,0,i
21,0,c
22,0,k
23,0,s
24,0,h
25,0,i
26,0,r
27,0,e
29,0,S
30,0,t
31,0,e
32,0,a
33,0,m
35,0,R
36,0,a
37,0,i
38,0,l
39,0,w
40,0,a
41,0,y
43,0,-
44,0,-
46,0,O
47,0,p
48,0,e
49,0,r
50,0,a
51,0,t
52,0,i
53,0,o
54,0,n
55,0,a
56,0,l
58,0,O
59,0,v
60,0,e
61,0,r
62,0,v
63,0,i
64,0,e
65,0,w
14,1,B
15,1,R
16,1,O
17,1,A
18,1,D
19,1,W
20,1,A
21,1,Y
14,2,@
15,2,@
16,2,@
17,2,@
18,2,@
19,2,@
20,2,@
21,2,@
22,2,@
24,2,P
25,2,1
38,2,<
39,2,-
40,2,-
42,2,U
43,2,P
48,2,D
49,2,O
50,2,W
51,2,N
53,2,-
54,2,-
55,2,>
73,2,A
0,3,|
1,3,-
2,3,-
3,3,-
4,3,-
5,3,|
6,3,-,0
7,3,-,0
8,3,-,0
9,3,-,0
10,3,|
11,3,-,1
12,3,-,1
13,3,|
14,3,-,2,3,0
15,3,-,2,3,1
16,3,-,2,3,2
17,3,-,2,3,3
18,3,-,2
19,3,-,2,4,0
20,3,-,2,4,1
21,3,-,2,4,2
22,3,-,2,4,3
23,3,|
24,3,-,4
25,3,-,4
26,3,-,4
27,3,-,4
28,3,-,4
29,3,-,4
30,3,-,4
31,3,-,4
32,3,-,4
33,3,|
34,3,-,5
35,3,-,5
36,3,-,5
37,3,-,5
38,3,-,5
39,3,-,5
40,3,-,5
41,3,-,5
42,3,-,5
43,3,|
44,3,-,6,11,0
45,3,-,6,11,1
46,3,-,6,11,2
47,3,-,6,11,3
48,3,-,6
49,3,-,6,12,0
50,3,-,6,12,1
51,3,-,6,12,2
52,3,-,6,12,3
53,3,|
54,3,-,7,13,0
55,3,-,7,13,1
56,3,-,7,13,2
57,3,-,7,13,3
58,3,-,7
59,3,-,7,14,0
60,3,-,7,14,1
61,3,-,7,14,2
62,3,-,7,14,3
63,3,|
64,3,-,8,15,0
65,3,-,8,15,1
66,3,-,8,15,2
67,3,-,8,15,3
68,3,-,8
69,3,-,8,16,0
70,3,-,8,16,1
71,3,-,8,16,2
72,3,-,8,16,3
73,3,|
11,4,\,1
25,4,/,4
73,4,|
12,5,\,1
24,5,/,4
73,5,|
0,6,|
1,6,-
2,6,-
3,6,-
4,6,-
5,6,|
6,6,-
7,6,-
8,6,-
9,6,-
10,6,|
11,6,-,1
12,6,-,1
13,6,|
14,6,-,3,5,0
15,6,-,3,5,1
16,6,-,3,5,2
17,6,-,3,5,3
18,6,-,3
19,6,-,3,6,0
20,6,-,3,6,1
21,6,-,3,6,2
22,6,-,3,6,3
23,6,|
73,6,|
14,7,@
15,7,@
16,7,@
17,7,@
18,7,@
19,7,@
20,7,@
21,7,@
22,7,@
24,7,P
25,7,2
73,7,A
21,8,S
22,8,B
40,9,T
41,9,O
42,9,D
43,9,D
44,9,I
45,9,N
46,9,G
47,9,T
48,9,O
49,9,N
0,10,A
37,10,P
38,10,2
40,10,@
41,10,@
42,10,@
43,10,@
44,10,@
45,10,@
46,10,@
47,10,@
48,10,@
64,10,S
65,10,B
91,10,B
0,11,|
29,11,N
30,11,S
31,11,-
32,11,-
33,11,|
39,11,|
40,11,-,15,30,0
41,11,-,15,30,1
42,11,-,15,30,2
43,11,-,15,30,3
44,11,-,15
45,11,-,15,31,0
46,11,-,15,31,1
47,11,-,15,31,2
48,11,-,15,31,3
49,11,|
50,11,-,17
51,11,-,17
52,11,-,17
53,11,-,17
54,11,-,17
55,11,-,17
56,11,-,17
57,11,-,17
58,11,-,17
59,11,|
60,11,-,18
61,11,-,18
62,11,-,18
63,11,-,18
64,11,-,18
65,11,-,18
66,11,-,18
67,11,-,18
68,11,|
69,11,-,19
70,11,-,19
71,11,|
72,11,-,20,44,0
73,11,-,20,44,1
74,11,-,20,44,2
75,11,-,20,44,3
76,11,-,20
77,11,-,20,45,0
78,11,-,20,45,1
79,11,-,20,45,2
80,11,-,20,45,3
81,11,|
82,11,-,21,46,0
83,11,-,21,46,1
84,11,-,21,46,2
85,11,-,21,46,3
86,11,-,21
87,11,-,21,47,0
88,11,-,21,47,1
89,11,-,21,47,2
90,11,-,21,47,3
91,11,|
0,12,|
34,12,\,13
38,12,/,14
53,12,/,17
69,12,/,19
91,12,|
0,13,|
35,13,\,13
37,13,/,14
52,13,/,17
68,13,/,19
91,13,|
0,14,|
1,14,-,9,17,0
2,14,-,9,17,1
3,14,-,9,17,2
4,14,-,9,17,3
5,14,-,9
6,14,-,9,18,0
7,14,-,9,18,1
8,14,-,9,18,2
9,14,-,9,18,3
10,14,|
11,14,-,10,19,0
12,14,-,10,19,1
13,14,-,10,19,2
14,14,-,10,19,3
15,14,-,10
16,14,-,10,20,0
17,14,-,10,20,1
18,14,-,10,20,2
19,14,-,10,20,3
20,14,|
21,14,-,11,21,0
22,14,-,11,21,1
23,14,-,11,21,2
24,14,-,11,21,3
25,14,-,11
26,14,-,11,22,0
27,14,-,11,22,1
28,14,-,11,22,2
29,14,-,11,22,3
30,14,|
31,14,-,12
32,14,-,12
33,14,|
34,14,-,13
35,14,-,13
36,14,|
37,14,-,14
38,14,-,14
39,14,|
40,14,-,16,32,0
41,14,-,16,32,1
42,14,-,16,32,2
43,14,-,16,32,3
44,14,-,16
45,14,-,16,33,0
46,14,-,16,33,1
47,14,-,16,33,2
48,14,-,16,33,3
49,14,|
50,14,-
51,14,-
52,14,-
53,14,-
54,14,-
55,14,-
56,14,-
57,14,-
58,14,-
59,14,|
60,14,-,22,43,0
61,14,-,22,43,1
62,14,-,22,43,2
63,14,-,22,43,3
64,14,-,22
65,14,-,22,42,0
66,14,-,22,42,1
67,14,-,22,42,2
68,14,-,22,42,3
69,14,|
70,14,-
71,14,-
72,14,|
91,14,|
0,15,A
37,15,P
38,15,1
40,15,@
41,15,@
42,15,@
43,15,@
44,15,@
45,15,@
46,15,@
47,15,@
48,15,@
50,15,/
58,15,/
91,15,B
31,16,S
32,16,B
44,16,P
45,16,R
46,16,|
47,16,-
48,16,-
49,16,-
50,16,-
51,16,-
52,16,-
53,16,|
54,16,C
55,16,D
57,16,/
25,17,C
26,17,&
27,17,W
28,17,-
29,17,-
30,17,|
31,17,-
32,17,-
52,17,L
53,17,Y
54,17,-
55,17,-
56,17,-
31,18,\,25
37,18,W
38,18,I
39,18,N
40,18,C
41,18,H
42,18,C
43,18,O
44,18,M
45,18,B
46,18,E
0,19,B
32,19,\,25
37,19,@
38,19,@
39,19,@
40,19,@
41,19,@
42,19,@
43,19,@
44,19,@
45,19,@
47,19,P
48,19,1
79,19,C
0,20,|
1,20,-,-,48,0
2,20,-,-,48,1
3,20,-,-,48,2
4,20,-,-,48,3
5,20,-
6,20,-,-,49,0
7,20,-,-,49,1
8,20,-,-,49,2
9,20,-,-,49,3
10,20,|
11,20,-,23,50,0
12,20,-,23,50,1
13,20,-,23,50,2
14,20,-,23,50,3
15,20,-,23
16,20,-,23,51,0
17,20,-,23,51,1
18,20,-,23,51,2
19,20,-,23,51,3
20,20,|
21,20,-,24
22,20,-,24
23,20,-,24
24,20,-,24
25,20,-,24
26,20,-,24
27,20,-,24
28,20,-,24
29,20,-,24
30,20,|
31,20,-,25
32,20,-,25
33,20,|
34,20,-,25
35,20,-,25
36,20,|
37,20,-,27,58,0
38,20,-,27,58,1
39,20,-,27,58,2
40,20,-,27,58,3
41,20,-,27
42,20,-,27,59,0
43,20,-,27,59,1
44,20,-,27,59,2
45,20,-,27,59,3
46,20,|
47,20,-,29
48,20,-,29
49,20,|
50,20,-,30
51,20,-,30
52,20,-,30
53,20,-,30
54,20,-,30
55,20,-,30
56,20,-,30
57,20,-,30
58,20,-,30
59,20,|
60,20,-,31,65,0
61,20,-,31,65,1
62,20,-,31,65,2
63,20,-,31,65,3
64,20,-,31
65,20,-,31,66,0
66,20,-,31,66,1
67,20,-,31,66,2
68,20,-,31,66,3
69,20,|
70,20,-,32,67,0
71,20,-,32,67,1
72,20,-,32,67,2
73,20,-,32,67,3
74,20,-,32
75,20,-,32,68,0
76,20,-,32,68,1
77,20,-,32,68,2
78,20,-,32,68,3
79,20,|
0,21,|
2,21,T
3,21,N
4,21,-
5,21,W
6,21,E
10,21,|
34,21,\,25
48,21,/,29
79,21,|
0,22,|
2,22,E
3,22,T
4,22,B
10,22,|
35,22,\,26
47,22,/,29
79,22,|
0,23,|
2,23,S
3,23,E
4,23,C
5,23,T
6,23,I
7,23,O
8,23,N
10,23,|
32,23,U
33,23,S
34,23,-,26
35,23,-,26
36,23,|
37,23,-,28,60,0
38,23,-,28,60,1
39,23,-,28,60,2
40,23,-,28,60,3
41,23,-,28
42,23,-,28,61,0
43,23,-,28,61,1
44,23,-,28,61,2
45,23,-,28,61,3
46,23,|
79,23,|
0,24,B
37,24,@
38,24,@
39,24,@
40,24,@
41,24,@
42,24,@
43,24,@
44,24,@
45,24,@
47,24,P
48,24,2
79,24,C
22,25,G
23,25,O
24,25,T
25,25,H
26,25,E
27,25,R
28,25,I
29,25,N
30,25,G
31,25,T
32,25,O
33,25,N
0,26,C
24,26,P
25,26,1
27,26,@
28,26,@
29,26,@
66,26,D
0,27,|
1,27,8
2,27,5
3,27,-
4,27,-
5,27,-
6,27,-
7,27,-
8,27,8
9,27,6
10,27,|
11,27,7
12,27,1
13,27,-
14,27,-
15,27,-
16,27,-
17,27,-
18,27,7
19,27,2
20,27,|
21,27,7
22,27,3
23,27,-
24,27,-
25,27,-
26,27,-
27,27,-
28,27,7
29,27,4
30,27,|
31,27,-
32,27,-
33,27,|
34,27,7
35,27,6
36,27,-
37,27,-
38,27,-
39,27,-
40,27,-
41,27,7
42,27,7
43,27,|
66,27,|
0,28,|
2,28,W
3,28,E
4,28,-
5,28,G
6,28,N
10,28,|
31,28,\
44,28,\
66,28,|
0,29,|
2,29,E
3,29,T
4,29,B
10,29,|
32,29,\
45,29,\
66,29,|
0,30,|
2,30,S
3,30,E
4,30,C
5,30,T
6,30,I
7,30,O
8,30,N
10,30,|
33,30,|
34,30,7
35,30,8
36,30,-
37,30,-
38,30,-
39,30,-
40,30,-
41,30,7
42,30,9
43,30,|
44,30,-
45,30,-
46,30,|
47,30,8
48,30,1
49,30,-
50,30,-
51,30,-
52,30,-
53,30,-
54,30,8
55,30,2
56,30,|
57,30,8
58,30,3
59,30,-
60,30,-
61,30,-
62,30,-
63,30,-
64,30,8
65,30,4
66,30,|
0,31,C
34,31,S
35,31,B
66,31,D
28,32,C
29,32,H
30,32,E
31,32,L
32,32,T
33,32,E
34,32,N
35,32,H
36,32,A
37,32,M
39,32,R
40,32,A
41,32,C
42,32,E
44,32,C
45,32,O
46,32,U
47,32,R
48,32,S
49,32,E
0,33,D
34,33,@
35,33,@
36,33,@
37,33,@
38,33,@
39,33,@
40,33,@
41,33,@
42,33,@
44,33,P
45,33,1
0,34,|
2,34,G
3,34,N
4,34,-
5,34,C
6,34,R
10,34,|
33,34,|
34,34,9
35,34,2
36,34,-
37,34,-
38,34,-
39,34,-
40,34,-
41,34,9
42,34,3
43,34,|
44,34,-
45,34,-
46,34,|
47,34,9
48,34,7
49,34,-
50,34,-
51,34,-
52,34,-
53,34,-
54,34,9
55,34,8
56,34,|
57,34,-
58,34,-
59,34,|
60,34,-
61,34,-
62,34,|
63,34,-
64,34,-
65,34,|
0,35,|
2,35,E
3,35,T
4,35,B
10,35,|
32,35,/
45,35,/
60,35,\
0,36,|
2,36,S
3,36,E
4,36,C
5,36,T
6,36,I
7,36,O
8,36,N
10,36,|
31,36,/
44,36,/
61,36,\
0,37,|
1,37,8
2,37,5
3,37,-
4,37,-
5,37,-
6,37,-
7,37,-
8,37,8
9,37,6
10,37,|
11,37,8
12,37,7
13,37,-
14,37,-
15,37,-
16,37,-
17,37,-
18,37,8
19,37,8
20,37,|
21,37,8
22,37,9
23,37,-
24,37,-
25,37,-
26,37,-
27,37,-
28,37,9
29,37,0
30,37,|
31,37,-
32,37,-
33,37,|
34,37,9
35,37,4
36,37,-
37,37,-
38,37,-
39,37,-
40,37,-
41,37,9
42,37,5
43,37,|
62,37,|
63,37,-
64,37,-
65,37,|
0,38,D
31,38,S
32,38,B
34,38,@
35,38,@
36,38,@
37,38,@
38,38,@
39,38,@
40,38,@
41,38,@
42,38,@
44,38,P
45,38,2