# X,Y,Symbol
0,0,D
1,0,e
2,0,m
3,0,o
5,0,L
6,0,i
7,0,n
8,0,e
10,0,-
12,0,O
13,0,p
14,0,e
15,0,r
16,0,a
17,0,t
18,0,i
19,0,o
20,0,n
21,0,a
22,0,l
24,0,O
25,0,v
26,0,e
27,0,r
28,0,v
29,0,i
30,0,e
31,0,w
2,2,-,3,4,0
3,2,-,3,4,1
4,2,-,3,4,2
5,2,-,3,4,3
6,2,-,3
7,2,-,3
8,2,|
9,2,-,2,3,0
10,2,-,2,3,1
11,2,-,2,3,2
12,2,-,2,3,3
13,2,-,2
14,2,-,2
15,2,|
16,2,-,1,2,0
17,2,-,1,2,1
18,2,-,1,2,2
19,2,-,1,2,3
20,2,-,1
21,2,-,1
22,2,|
23,2,-,0,1,0
24,2,-,0,1,1
25,2,-,0,1,2
26,2,-,0,1,3
27,2,-,0
28,2,-,0
29,2,|
30,2,-
31,2,-
32,2,-
33,2,-
34,2,-
35,2,-
0,4,P
1,4,o
2,4,w
3,4,e
4,4,r
5,4,e
6,4,d
8,4,b
9,4,y
11,4,C
12,4,R
13,4,U
14,4,S
15,4,T
0,5,h
1,5,t
2,5,t
3,5,p
4,5,s
5,5,:
6,5,/
7,5,/
8,5,g
9,5,i
10,5,t
11,5,h
12,5,u
13,5,b
14,5,.
15,5,c
16,5,o
17,5,m
18,5,/
19,5,s
20,5,a
21,5,r
22,5,r
23,5,u
24,5,s
25,5,/
26,5,c
27,5,r
28,5,u
29,5,s
30,5,t
